 10000 46101264836999892256959688159205600101655256375678
 12000 66830082383404656475880405138080163363887421637140
 15000 11732131389574706208847480236537103115089842799275
 20000 29681062037765788371669091094180744878140490755178
 25000 83530136178653673760642166778137739951006589528877
 40000 50915764639074693619881507814685262133252473837651
 50000 06526234053394391421112718106910522900246574236041
 75000 17161339575779076637076456957025973880043841580589
100000 70150789337728658035712790913767420805655493624646
120000 61369530899547584883024261962758985941513780515805
150000 85003842938167759796191272999045913439604283622782
200000 04007049111330970230468766158574831350801444759928
250000 51402520951792646811568298203136188273964266233216
